18184456
18998763
20906749
20170947
19792107
19110162
20788673
20880359
20799802
19781407
19411057
20425562
18464432
20706146
20741634
19811470
21189412
20748140
18529232
20325371
18177638
20806620
19950071
19216432
20749775
19853505
19990782
21088950
19751850
20419627
19829248
20527632
20137117
19912080
21005745
20404131
20493894
19089198
20010257
20848501
20281404
20689772
20723806
19951159
20989687
20704143
19367066
19232160
19976755
19856482
19451482
19866526
19878133
19917813
19671431
19793545
20299451
19257732
19786921
19985541
19932634
20088299
20409362
21005478
19510993
19060602
20922965
20852096
19861443
20002564
20748051
20148127
20146582
20730608
21525846
19197225
20805268
19163215
21117810
19343000
21177686
19990812
19894295
20698399
19165072
20159293
19888716
20756828
19491050
19983506
19039093
20668074
19201214
19773501
19907699
20687737
20832559
20976801
19890524
20693621
20226713
18974074
20894570
20794649
20277326
21267103
20687184
20785216
20437161
20705107
20399235
20776446
20687826
20691181
20879784
20916485
20707207
19088299
18828558
20994265
20817797
20795246
20914768
20754612
21043493
18677029
18180507
20123833
19466412
19837437
19091834
21149577
18995594
19171072
20693168
18968708
20927037
19771126
17868572
20825374
21205000
19783914
20691076
19114230
18435270
19106920
21096643
20698127
20784252
20730225
19470096
20831609
21184968
20013752
19480504
20692579
20791127
18630596
18477380
18684793
20697139
20992858
18965016
21137536
19033249
20713347
20118465
20874391
21016402
20826001
21086605
21153531
21084122
20772041
20706170
20136072
20899041
20902867
21005125
19175310
21037728
20708009
18985661
20839278
19311680
21219141
21206724
19857187
19151128
20982593
20004230
20735715
19836058
19967047
21089698
20878389
19399995
20862792
20978979
20972237
18393799
18183085
18582680
18213871
18226299
18180973
19128924
19062826
18411134
18993079
18449913
20724489
19832044
19448279
20780389
21272883
19159609
19882009
21228566
20470037
19859392
20838913
18463495
20741278
19367538
20359586
19968833
19855400
19060386
19316305
20691823
20083084
20323085
20937202
19433190
20361610
18339697
19102232
19991517
19943849
19240929
20056621
19771576
20255721
19986025
21314624
19027257
19697058
18227228
19127227
18591671
20889275
20469969
19769024
19877145
20072813
20004192
17529182
20150679
18630855
19007671
19477619
19359659
18409156
19855982
18546307
19925328
21023824
20434928
20303645
20002505
20820518
19815387
20426925
20017766
20000855
19856830
19814429
20145667
19986874
20816243
19986866
19940858
20707754
20455313
19943806
19948921
21006199
20750218
20692242
19081847
21042063
18967965
20283865
20281285
20285191
19811276
20034881
19847580
20904304
20856857
20726120
20740530
20969287
20916310
20668244
18422446
21352453
20944217
19978669
21902135
20836295
20196989
18647146
19095899
21267111
18962289
21104085
21255709
21000670
19410131
20698844
21210977
19175345
19770596
19180284
20782306
19039603
18644511
19063695
20369247
19165862
20179359
18957250
19480407
20183933
20127391
18454623
17921988
20073739
19788401
19393652
20796498
21020256
20844999
19426909
20340052
20789432
20421036
21317550
19328877
18972586
20884532
19863772
18201342
18201342
21414343
21159033
20849680
20934823
20995059
19087306
20742355
20926405
19944306
21090483
21019169
20721498
20706340
21109745
20575858
19856792
21096953
21283281
20727550
19175906
20887892
21184933
19158661
20711646
19957696
20977751
17934710
18549411
19507801
20847173
20808461
20011547
19494807
19483171
19277792
19480318
19122160
20181639
19102674
20135882
17907160
19279191
19904681
20962282
19354568
20392451
19126670
20398611
20757263
19901003
20696841
18981801
20975058
20871201
21165858
21017727
20460503
20933371
20111967
20985886
19017197
19296215
21099243
20786727
20774656
20849699
18266924
20136129
19172540
21240175
19783612
21228965
21232490
20939078
19193912
18359078
19369867
20129890
20891563
19982046
19435940
19817908
21174989
19210868
19352239
19976887
20449429
20094361
20193432
18790453
21050864
21141258
18953557
20697732
20804687
20029713
21036942
20830521
18850618
21355819
18333680
19130066
19198760
20338554
17596653
19921918
18951589
21311005
19984421
19030851
20825447
18991939
20340257
19072244
20730675
20124376
21024871
19940114
20852134
19787553
20871570
17233860
19777523
20784538
19980922
21238987
20930259
19030312
19964803
20190042
20748302
19456190
19480512
19057156
20731833
19900503
20768206
19769040
21023972
18991955
20202512
20053134